Time taken to solve:	166.845 minutes
Required Solution trajectory

Node # 	 X 	 Y
0 	 0.000 	 0.000
1 	 1.000 	 0.000
2 	 2.000 	 0.000
3 	 3.000 	 0.000
4 	 4.000 	 0.000
5 	 5.000 	 0.000
6 	 6.000 	 0.000
7 	 7.000 	 0.000
8 	 8.000 	 0.000
9 	 9.000 	 0.000
10 	 10.000 	 0.000
11 	 11.000 	 0.000
12 	 12.000 	 0.000
13 	 13.000 	 0.000
14 	 14.000 	 0.000
15 	 15.000 	 0.000
16 	 16.000 	 0.000
17 	 17.000 	 0.000
18 	 18.000 	 0.000
19 	 19.000 	 0.000
20 	 20.000 	 0.000
21 	 21.000 	 0.000
22 	 22.000 	 0.000
23 	 23.000 	 0.000
24 	 24.000 	 0.000
25 	 25.000 	 0.000
26 	 26.000 	 0.000
27 	 27.000 	 0.000
28 	 28.000 	 0.000
29 	 29.000 	 0.000
30 	 30.000 	 0.000
31 	 31.000 	 0.000
32 	 32.000 	 0.000
33 	 33.000 	 0.000
34 	 34.000 	 0.000
35 	 35.000 	 0.000
36 	 36.000 	 0.000
37 	 37.000 	 0.000
38 	 38.000 	 0.000
39 	 39.000 	 0.000
40 	 40.000 	 0.000
41 	 41.000 	 0.000
42 	 42.000 	 0.000
43 	 43.000 	 0.000
44 	 44.000 	 0.000
45 	 45.000 	 0.000
46 	 46.000 	 0.000
47 	 47.000 	 0.000
48 	 48.000 	 0.000
49 	 49.000 	 0.000
50 	 50.000 	 0.000
51 	 51.000 	 0.000
52 	 52.000 	 0.000
53 	 53.000 	 0.000
54 	 54.000 	 0.000
55 	 55.000 	 0.000
56 	 56.000 	 0.000
57 	 57.000 	 0.000
58 	 58.000 	 0.000
59 	 59.000 	 0.000
60 	 60.000 	 0.000
61 	 61.000 	 0.000
62 	 62.000 	 0.000
63 	 63.000 	 0.000
64 	 64.000 	 0.000
65 	 65.000 	 0.000
66 	 66.000 	 0.000
67 	 67.000 	 0.000
68 	 68.000 	 0.000
69 	 69.000 	 0.000
70 	 70.000 	 0.000
71 	 71.000 	 0.000
72 	 72.000 	 0.000
73 	 73.000 	 0.000
74 	 74.000 	 0.000
75 	 75.000 	 0.000
76 	 76.000 	 0.000
77 	 77.000 	 0.000
78 	 78.000 	 0.000
79 	 79.000 	 0.000
80 	 80.000 	 0.000
81 	 81.000 	 0.000
82 	 82.000 	 0.000
83 	 83.000 	 0.000
84 	 84.000 	 0.000
85 	 85.000 	 0.000
86 	 86.000 	 0.000
87 	 87.000 	 0.000
88 	 88.000 	 0.000
89 	 89.000 	 0.000
491 	 90.000 	 1.000
893 	 91.000 	 2.000
1295 	 92.000 	 3.000
1697 	 93.000 	 4.000
2099 	 94.000 	 5.000
2501 	 95.000 	 6.000
2903 	 96.000 	 7.000
3305 	 97.000 	 8.000
3707 	 98.000 	 9.000
4109 	 99.000 	 10.000
4511 	 100.000 	 11.000
4913 	 101.000 	 12.000
5315 	 102.000 	 13.000
5717 	 103.000 	 14.000
6119 	 104.000 	 15.000
6521 	 105.000 	 16.000
6923 	 106.000 	 17.000
7325 	 107.000 	 18.000
7727 	 108.000 	 19.000
8129 	 109.000 	 20.000
8531 	 110.000 	 21.000
8933 	 111.000 	 22.000
9335 	 112.000 	 23.000
9737 	 113.000 	 24.000
10139 	 114.000 	 25.000
10541 	 115.000 	 26.000
10943 	 116.000 	 27.000
10944 	 117.000 	 27.000
10945 	 118.000 	 27.000
11347 	 119.000 	 28.000
11749 	 120.000 	 29.000
12151 	 121.000 	 30.000
12553 	 122.000 	 31.000
12955 	 123.000 	 32.000
13357 	 124.000 	 33.000
13759 	 125.000 	 34.000
14161 	 126.000 	 35.000
14563 	 127.000 	 36.000
14965 	 128.000 	 37.000
15367 	 129.000 	 38.000
15769 	 130.000 	 39.000
16170 	 130.000 	 40.000
16572 	 131.000 	 41.000
16974 	 132.000 	 42.000
17376 	 133.000 	 43.000
17777 	 133.000 	 44.000
18179 	 134.000 	 45.000
18580 	 134.000 	 46.000
18982 	 135.000 	 47.000
19383 	 135.000 	 48.000
19785 	 136.000 	 49.000
20186 	 136.000 	 50.000
20588 	 137.000 	 51.000
20989 	 137.000 	 52.000
21391 	 138.000 	 53.000
21792 	 138.000 	 54.000
22193 	 138.000 	 55.000
22594 	 138.000 	 56.000
22996 	 139.000 	 57.000
23397 	 139.000 	 58.000
23798 	 139.000 	 59.000
24199 	 139.000 	 60.000
24601 	 140.000 	 61.000
25002 	 140.000 	 62.000
25403 	 140.000 	 63.000
25804 	 140.000 	 64.000
26205 	 140.000 	 65.000
26606 	 140.000 	 66.000
27007 	 140.000 	 67.000
27408 	 140.000 	 68.000
27809 	 140.000 	 69.000
28210 	 140.000 	 70.000
28611 	 140.000 	 71.000
29012 	 140.000 	 72.000
29413 	 140.000 	 73.000
29814 	 140.000 	 74.000
30215 	 140.000 	 75.000
30616 	 140.000 	 76.000
31017 	 140.000 	 77.000
31418 	 140.000 	 78.000
31819 	 140.000 	 79.000
32220 	 140.000 	 80.000
32621 	 140.000 	 81.000
33022 	 140.000 	 82.000
33423 	 140.000 	 83.000
33824 	 140.000 	 84.000
34225 	 140.000 	 85.000
34626 	 140.000 	 86.000
35027 	 140.000 	 87.000
35428 	 140.000 	 88.000
35829 	 140.000 	 89.000
36230 	 140.000 	 90.000
36631 	 140.000 	 91.000
37032 	 140.000 	 92.000
37433 	 140.000 	 93.000
37834 	 140.000 	 94.000
38235 	 140.000 	 95.000
38636 	 140.000 	 96.000
39037 	 140.000 	 97.000
39438 	 140.000 	 98.000
39839 	 140.000 	 99.000
40240 	 140.000 	 100.000
40641 	 140.000 	 101.000
41042 	 140.000 	 102.000
41443 	 140.000 	 103.000
41844 	 140.000 	 104.000
42245 	 140.000 	 105.000
42646 	 140.000 	 106.000
43047 	 140.000 	 107.000
43448 	 140.000 	 108.000
43849 	 140.000 	 109.000
44250 	 140.000 	 110.000
44651 	 140.000 	 111.000
45052 	 140.000 	 112.000
45453 	 140.000 	 113.000
45854 	 140.000 	 114.000
46255 	 140.000 	 115.000
46656 	 140.000 	 116.000
47057 	 140.000 	 117.000
47458 	 140.000 	 118.000
47859 	 140.000 	 119.000
48260 	 140.000 	 120.000
48661 	 140.000 	 121.000
49062 	 140.000 	 122.000
49463 	 140.000 	 123.000
49864 	 140.000 	 124.000
50265 	 140.000 	 125.000
50666 	 140.000 	 126.000
51067 	 140.000 	 127.000
51469 	 141.000 	 128.000
51871 	 142.000 	 129.000
52273 	 143.000 	 130.000
52675 	 144.000 	 131.000
53077 	 145.000 	 132.000
53479 	 146.000 	 133.000
53881 	 147.000 	 134.000
54283 	 148.000 	 135.000
54685 	 149.000 	 136.000
55087 	 150.000 	 137.000
55489 	 151.000 	 138.000
55891 	 152.000 	 139.000
56293 	 153.000 	 140.000
56695 	 154.000 	 141.000
57097 	 155.000 	 142.000
57499 	 156.000 	 143.000
57901 	 157.000 	 144.000
58303 	 158.000 	 145.000
58705 	 159.000 	 146.000
59107 	 160.000 	 147.000
59509 	 161.000 	 148.000
59911 	 162.000 	 149.000
60313 	 163.000 	 150.000
60715 	 164.000 	 151.000
61117 	 165.000 	 152.000
61519 	 166.000 	 153.000
61921 	 167.000 	 154.000
62323 	 168.000 	 155.000
62725 	 169.000 	 156.000
63127 	 170.000 	 157.000
63529 	 171.000 	 158.000
63931 	 172.000 	 159.000
64333 	 173.000 	 160.000
64735 	 174.000 	 161.000
65137 	 175.000 	 162.000
65539 	 176.000 	 163.000
65941 	 177.000 	 164.000
66343 	 178.000 	 165.000
66745 	 179.000 	 166.000
67147 	 180.000 	 167.000
67549 	 181.000 	 168.000
67951 	 182.000 	 169.000
68353 	 183.000 	 170.000
68755 	 184.000 	 171.000
69157 	 185.000 	 172.000
69158 	 186.000 	 172.000
69560 	 187.000 	 173.000
69962 	 188.000 	 174.000
70364 	 189.000 	 175.000
70365 	 190.000 	 175.000
70767 	 191.000 	 176.000
71169 	 192.000 	 177.000
71170 	 193.000 	 177.000
71572 	 194.000 	 178.000
71573 	 195.000 	 178.000
71975 	 196.000 	 179.000
72377 	 197.000 	 180.000
72378 	 198.000 	 180.000
72780 	 199.000 	 181.000
72781 	 200.000 	 181.000
72782 	 201.000 	 181.000
73184 	 202.000 	 182.000
73185 	 203.000 	 182.000
73587 	 204.000 	 183.000
73588 	 205.000 	 183.000
73990 	 206.000 	 184.000
73991 	 207.000 	 184.000
73992 	 208.000 	 184.000
74394 	 209.000 	 185.000
74395 	 210.000 	 185.000
74396 	 211.000 	 185.000
74798 	 212.000 	 186.000
74799 	 213.000 	 186.000
74800 	 214.000 	 186.000
74801 	 215.000 	 186.000
75203 	 216.000 	 187.000
75204 	 217.000 	 187.000
75205 	 218.000 	 187.000
75206 	 219.000 	 187.000
75608 	 220.000 	 188.000
75609 	 221.000 	 188.000
75610 	 222.000 	 188.000
75611 	 223.000 	 188.000
76013 	 224.000 	 189.000
76014 	 225.000 	 189.000
76015 	 226.000 	 189.000
76016 	 227.000 	 189.000
76017 	 228.000 	 189.000
76018 	 229.000 	 189.000
76019 	 230.000 	 189.000
76421 	 231.000 	 190.000
76422 	 232.000 	 190.000
76423 	 233.000 	 190.000
76424 	 234.000 	 190.000
76425 	 235.000 	 190.000
76426 	 236.000 	 190.000
76427 	 237.000 	 190.000
76428 	 238.000 	 190.000
76429 	 239.000 	 190.000
76430 	 240.000 	 190.000
76431 	 241.000 	 190.000
76432 	 242.000 	 190.000
76433 	 243.000 	 190.000
76434 	 244.000 	 190.000
76435 	 245.000 	 190.000
76436 	 246.000 	 190.000
76437 	 247.000 	 190.000
76438 	 248.000 	 190.000
76439 	 249.000 	 190.000
76440 	 250.000 	 190.000
76441 	 251.000 	 190.000
76442 	 252.000 	 190.000
76443 	 253.000 	 190.000
76444 	 254.000 	 190.000
76445 	 255.000 	 190.000
76446 	 256.000 	 190.000
76447 	 257.000 	 190.000
76448 	 258.000 	 190.000
76449 	 259.000 	 190.000
76450 	 260.000 	 190.000
76451 	 261.000 	 190.000
76452 	 262.000 	 190.000
76453 	 263.000 	 190.000
76454 	 264.000 	 190.000
76455 	 265.000 	 190.000
76456 	 266.000 	 190.000
76457 	 267.000 	 190.000
76458 	 268.000 	 190.000
76459 	 269.000 	 190.000
76460 	 270.000 	 190.000
76461 	 271.000 	 190.000
76462 	 272.000 	 190.000
76463 	 273.000 	 190.000
76464 	 274.000 	 190.000
76465 	 275.000 	 190.000
76466 	 276.000 	 190.000
76467 	 277.000 	 190.000
76468 	 278.000 	 190.000
76469 	 279.000 	 190.000
76470 	 280.000 	 190.000
76471 	 281.000 	 190.000
76472 	 282.000 	 190.000
76473 	 283.000 	 190.000
76474 	 284.000 	 190.000
76475 	 285.000 	 190.000
76476 	 286.000 	 190.000
76477 	 287.000 	 190.000
76478 	 288.000 	 190.000
76479 	 289.000 	 190.000
76480 	 290.000 	 190.000
76882 	 291.000 	 191.000
77284 	 292.000 	 192.000
77686 	 293.000 	 193.000
78088 	 294.000 	 194.000
78490 	 295.000 	 195.000
78892 	 296.000 	 196.000
79294 	 297.000 	 197.000
79696 	 298.000 	 198.000
80098 	 299.000 	 199.000
80500 	 300.000 	 200.000
80902 	 301.000 	 201.000
81304 	 302.000 	 202.000
81706 	 303.000 	 203.000
82108 	 304.000 	 204.000
82510 	 305.000 	 205.000
82912 	 306.000 	 206.000
83314 	 307.000 	 207.000
83716 	 308.000 	 208.000
84118 	 309.000 	 209.000
84520 	 310.000 	 210.000
84922 	 311.000 	 211.000
85324 	 312.000 	 212.000
85726 	 313.000 	 213.000
86128 	 314.000 	 214.000
86530 	 315.000 	 215.000
86932 	 316.000 	 216.000
87334 	 317.000 	 217.000
87736 	 318.000 	 218.000
88138 	 319.000 	 219.000
88540 	 320.000 	 220.000
88942 	 321.000 	 221.000
89344 	 322.000 	 222.000
89746 	 323.000 	 223.000
90148 	 324.000 	 224.000
90550 	 325.000 	 225.000
90952 	 326.000 	 226.000
91354 	 327.000 	 227.000
91756 	 328.000 	 228.000
92158 	 329.000 	 229.000
92560 	 330.000 	 230.000
92962 	 331.000 	 231.000
93364 	 332.000 	 232.000
93766 	 333.000 	 233.000
94168 	 334.000 	 234.000
94570 	 335.000 	 235.000
94972 	 336.000 	 236.000
95374 	 337.000 	 237.000
95776 	 338.000 	 238.000
96178 	 339.000 	 239.000
96580 	 340.000 	 240.000
96982 	 341.000 	 241.000
97384 	 342.000 	 242.000
97786 	 343.000 	 243.000
98188 	 344.000 	 244.000
98590 	 345.000 	 245.000
98992 	 346.000 	 246.000
99394 	 347.000 	 247.000
99796 	 348.000 	 248.000
100198 	 349.000 	 249.000
100600 	 350.000 	 250.000
101002 	 351.000 	 251.000
101404 	 352.000 	 252.000
101806 	 353.000 	 253.000
102208 	 354.000 	 254.000
102610 	 355.000 	 255.000
103012 	 356.000 	 256.000
103414 	 357.000 	 257.000
103816 	 358.000 	 258.000
104218 	 359.000 	 259.000
104620 	 360.000 	 260.000
105022 	 361.000 	 261.000
105424 	 362.000 	 262.000
105826 	 363.000 	 263.000
106228 	 364.000 	 264.000
106630 	 365.000 	 265.000
107032 	 366.000 	 266.000
107434 	 367.000 	 267.000
107836 	 368.000 	 268.000
108238 	 369.000 	 269.000
108640 	 370.000 	 270.000
109042 	 371.000 	 271.000
109444 	 372.000 	 272.000
109846 	 373.000 	 273.000
110248 	 374.000 	 274.000
110650 	 375.000 	 275.000
111052 	 376.000 	 276.000
111454 	 377.000 	 277.000
111856 	 378.000 	 278.000
112258 	 379.000 	 279.000
112660 	 380.000 	 280.000
113062 	 381.000 	 281.000
113464 	 382.000 	 282.000
113866 	 383.000 	 283.000
114268 	 384.000 	 284.000
114670 	 385.000 	 285.000
115072 	 386.000 	 286.000
115474 	 387.000 	 287.000
115876 	 388.000 	 288.000
116278 	 389.000 	 289.000
116680 	 390.000 	 290.000
117082 	 391.000 	 291.000
117484 	 392.000 	 292.000
117886 	 393.000 	 293.000
118288 	 394.000 	 294.000
118690 	 395.000 	 295.000
119092 	 396.000 	 296.000
119494 	 397.000 	 297.000
119896 	 398.000 	 298.000
120298 	 399.000 	 299.000
120700 	 400.000 	 300.000
